1
INT1306
2018
1
1
70
2
INT1313
2019
1
3
100
3
INT1319
2019
1
2
100
4
INT1330
2019
1
3
100
5
INT1332
2019
1
3
50
9
INT1336
2018
2
1
99
11
INT1340
2019
1
1
100
12
INT1433
2018
2
1
100
13
INT1156
2018
2
2
100
14
INT1156
2018
2
3
50
15
INT1157
2018
2
1
50
16
INT1157
2018
1
1
100
17
INT1156
2018
1
1
100
18
INT1156
2017
2
5
100
19
INT1303
2018
1
1
100
20
INT1306
2018
1
1
50
21
INT1156
2018
1
2
100
22
INT1156
2018
1
3
100
23
INT1156
2019
1
1
100
25
INT1303
2018
1
2
100
28
INT1156
2018
1
4
50
50
INT1156
2019
2
1
100
51
INT1156
2019
2
2
100
52
INT1303
2019
1
1
50
